0 0.0 -1.22464679915e-16
1 0.00872653549837 -0.00872653549837
2 0.0174524064373 -0.0174524064373
3 0.0261769483079 -0.0261769483079
4 0.0348994967025 -0.0348994967025
5 0.0436193873653 -0.0436193873653
6 0.0523359562429 -0.0523359562429
7 0.0610485395349 -0.0610485395349
8 0.0697564737441 -0.0697564737441
9 0.0784590957278 -0.0784590957278
10 0.0871557427477 -0.0871557427477
11 0.0958457525202 -0.0958457525202
12 0.104528463268 -0.104528463268
13 0.113203213768 -0.113203213768
14 0.121869343405 -0.121869343405
15 0.13052619222 -0.13052619222
16 0.13917310096 -0.13917310096
17 0.14780941113 -0.14780941113
18 0.15643446504 -0.15643446504
19 0.165047605861 -0.165047605861
20 0.173648177667 -0.173648177667
21 0.182235525492 -0.182235525492
22 0.190808995377 -0.190808995377
23 0.199367934417 -0.199367934417
24 0.207911690818 -0.207911690818
25 0.216439613938 -0.216439613938
26 0.224951054344 -0.224951054344
27 0.233445363856 -0.233445363856
28 0.2419218956 -0.2419218956
29 0.250380004054 -0.250380004054
30 0.258819045103 -0.258819045103
31 0.267238376078 -0.267238376078
32 0.275637355817 -0.275637355817
33 0.284015344704 -0.284015344704
34 0.292371704723 -0.292371704723
35 0.300705799504 -0.300705799504
36 0.309016994375 -0.309016994375
37 0.317304656405 -0.317304656405
38 0.325568154457 -0.325568154457
39 0.333806859234 -0.333806859234
40 0.342020143326 -0.342020143326
41 0.350207381259 -0.350207381259
42 0.358367949545 -0.358367949545
43 0.366501226724 -0.366501226724
44 0.374606593416 -0.374606593416
45 0.382683432365 -0.382683432365
46 0.390731128489 -0.390731128489
47 0.398749068925 -0.398749068925
48 0.406736643076 -0.406736643076
49 0.414693242656 -0.414693242656
50 0.422618261741 -0.422618261741
51 0.430511096808 -0.430511096808
52 0.438371146789 -0.438371146789
53 0.44619781311 -0.44619781311
54 0.45399049974 -0.45399049974
55 0.461748613235 -0.461748613235
56 0.469471562786 -0.469471562786
57 0.47715876026 -0.47715876026
58 0.484809620246 -0.484809620246
59 0.492423560103 -0.492423560103
60 0.5 -0.5
61 0.507538362961 -0.507538362961
62 0.51503807491 -0.51503807491
63 0.522498564716 -0.522498564716
64 0.529919264233 -0.529919264233
65 0.537299608347 -0.537299608347
66 0.544639035015 -0.544639035015
67 0.551936985312 -0.551936985312
68 0.559192903471 -0.559192903471
69 0.566406236925 -0.566406236925
70 0.573576436351 -0.573576436351
71 0.580702955711 -0.580702955711
72 0.587785252292 -0.587785252292
73 0.594822786751 -0.594822786751
74 0.601815023152 -0.601815023152
75 0.608761429009 -0.608761429009
76 0.615661475326 -0.615661475326
77 0.622514636638 -0.622514636638
78 0.62932039105 -0.62932039105
79 0.636078220278 -0.636078220278
80 0.642787609687 -0.642787609687
81 0.64944804833 -0.64944804833
82 0.656059028991 -0.656059028991
83 0.662620048216 -0.662620048216
84 0.669130606359 -0.669130606359
85 0.675590207616 -0.675590207616
86 0.681998360062 -0.681998360062
87 0.688354575694 -0.688354575694
88 0.694658370459 -0.694658370459
89 0.7009092643 -0.7009092643
90 0.707106781187 -0.707106781187
91 0.713250449154 -0.713250449154
92 0.719339800339 -0.719339800339
93 0.725374371012 -0.725374371012
94 0.731353701619 -0.731353701619
95 0.73727733681 -0.73727733681
96 0.743144825477 -0.743144825477
97 0.748955720789 -0.748955720789
98 0.754709580223 -0.754709580223
99 0.7604059656 -0.7604059656
100 0.766044443119 -0.766044443119
101 0.771624583388 -0.771624583388
102 0.777145961457 -0.777145961457
103 0.782608156852 -0.782608156852
104 0.788010753607 -0.788010753607
105 0.793353340291 -0.793353340291
106 0.798635510047 -0.798635510047
107 0.803856860617 -0.803856860617
108 0.809016994375 -0.809016994375
109 0.814115518356 -0.814115518356
110 0.819152044289 -0.819152044289
111 0.824126188622 -0.824126188622
112 0.829037572555 -0.829037572555
113 0.833885822067 -0.833885822067
114 0.838670567945 -0.838670567945
115 0.843391445813 -0.843391445813
116 0.848048096156 -0.848048096156
117 0.852640164354 -0.852640164354
118 0.857167300702 -0.857167300702
119 0.861629160442 -0.861629160442
120 0.866025403784 -0.866025403784
121 0.87035569594 -0.87035569594
122 0.874619707139 -0.874619707139
123 0.878817112662 -0.878817112662
124 0.882947592859 -0.882947592859
125 0.887010833178 -0.887010833178
126 0.891006524188 -0.891006524188
127 0.894934361602 -0.894934361602
128 0.898794046299 -0.898794046299
129 0.90258528435 -0.90258528435
130 0.906307787037 -0.906307787037
131 0.909961270877 -0.909961270877
132 0.913545457643 -0.913545457643
133 0.917060074385 -0.917060074385
134 0.920504853452 -0.920504853452
135 0.923879532511 -0.923879532511
136 0.927183854567 -0.927183854567
137 0.930417567982 -0.930417567982
138 0.933580426497 -0.933580426497
139 0.936672189248 -0.936672189248
140 0.939692620786 -0.939692620786
141 0.942641491092 -0.942641491092
142 0.945518575599 -0.945518575599
143 0.948323655206 -0.948323655206
144 0.951056516295 -0.951056516295
145 0.953716950748 -0.953716950748
146 0.956304755963 -0.956304755963
147 0.958819734868 -0.958819734868
148 0.961261695938 -0.961261695938
149 0.963630453209 -0.963630453209
150 0.965925826289 -0.965925826289
151 0.968147640378 -0.968147640378
152 0.970295726276 -0.970295726276
153 0.972369920398 -0.972369920398
154 0.974370064785 -0.974370064785
155 0.97629600712 -0.97629600712
156 0.978147600734 -0.978147600734
157 0.979924704621 -0.979924704621
158 0.981627183448 -0.981627183448
159 0.983254907564 -0.983254907564
160 0.984807753012 -0.984807753012
161 0.986285601537 -0.986285601537
162 0.987688340595 -0.987688340595
163 0.989015863362 -0.989015863362
164 0.990268068742 -0.990268068742
165 0.991444861374 -0.991444861374
166 0.992546151641 -0.992546151641
167 0.993571855677 -0.993571855677
168 0.994521895368 -0.994521895368
169 0.995396198367 -0.995396198367
170 0.996194698092 -0.996194698092
171 0.996917333733 -0.996917333733
172 0.99756405026 -0.99756405026
173 0.998134798422 -0.998134798422
174 0.998629534755 -0.998629534755
175 0.999048221582 -0.999048221582
176 0.999390827019 -0.999390827019
177 0.999657324976 -0.999657324976
178 0.999847695156 -0.999847695156
179 0.999961923064 -0.999961923064
180 1.0 -1.0
181 0.999961923064 -0.999961923064
182 0.999847695156 -0.999847695156
183 0.999657324976 -0.999657324976
184 0.999390827019 -0.999390827019
185 0.999048221582 -0.999048221582
186 0.998629534755 -0.998629534755
187 0.998134798422 -0.998134798422
188 0.99756405026 -0.99756405026
189 0.996917333733 -0.996917333733
190 0.996194698092 -0.996194698092
191 0.995396198367 -0.995396198367
192 0.994521895368 -0.994521895368
193 0.993571855677 -0.993571855677
194 0.992546151641 -0.992546151641
195 0.991444861374 -0.991444861374
196 0.990268068742 -0.990268068742
197 0.989015863362 -0.989015863362
198 0.987688340595 -0.987688340595
199 0.986285601537 -0.986285601537
200 0.984807753012 -0.984807753012
201 0.983254907564 -0.983254907564
202 0.981627183448 -0.981627183448
203 0.979924704621 -0.979924704621
204 0.978147600734 -0.978147600734
205 0.97629600712 -0.97629600712
206 0.974370064785 -0.974370064785
207 0.972369920398 -0.972369920398
208 0.970295726276 -0.970295726276
209 0.968147640378 -0.968147640378
210 0.965925826289 -0.965925826289
211 0.963630453209 -0.963630453209
212 0.961261695938 -0.961261695938
213 0.958819734868 -0.958819734868
214 0.956304755963 -0.956304755963
215 0.953716950748 -0.953716950748
216 0.951056516295 -0.951056516295
217 0.948323655206 -0.948323655206
218 0.945518575599 -0.945518575599
219 0.942641491092 -0.942641491092
220 0.939692620786 -0.939692620786
221 0.936672189248 -0.936672189248
222 0.933580426497 -0.933580426497
223 0.930417567982 -0.930417567982
224 0.927183854567 -0.927183854567
225 0.923879532511 -0.923879532511
226 0.920504853452 -0.920504853452
227 0.917060074385 -0.917060074385
228 0.913545457643 -0.913545457643
229 0.909961270877 -0.909961270877
230 0.906307787037 -0.906307787037
231 0.90258528435 -0.90258528435
232 0.898794046299 -0.898794046299
233 0.894934361602 -0.894934361602
234 0.891006524188 -0.891006524188
235 0.887010833178 -0.887010833178
236 0.882947592859 -0.882947592859
237 0.878817112662 -0.878817112662
238 0.874619707139 -0.874619707139
239 0.87035569594 -0.87035569594
240 0.866025403784 -0.866025403784
241 0.861629160442 -0.861629160442
242 0.857167300702 -0.857167300702
243 0.852640164354 -0.852640164354
244 0.848048096156 -0.848048096156
245 0.843391445813 -0.843391445813
246 0.838670567945 -0.838670567945
247 0.833885822067 -0.833885822067
248 0.829037572555 -0.829037572555
249 0.824126188622 -0.824126188622
250 0.819152044289 -0.819152044289
251 0.814115518356 -0.814115518356
252 0.809016994375 -0.809016994375
253 0.803856860617 -0.803856860617
254 0.798635510047 -0.798635510047
255 0.793353340291 -0.793353340291
256 0.788010753607 -0.788010753607
257 0.782608156852 -0.782608156852
258 0.777145961457 -0.777145961457
259 0.771624583388 -0.771624583388
260 0.766044443119 -0.766044443119
261 0.7604059656 -0.7604059656
262 0.754709580223 -0.754709580223
263 0.748955720789 -0.748955720789
264 0.743144825477 -0.743144825477
265 0.73727733681 -0.73727733681
266 0.731353701619 -0.731353701619
267 0.725374371012 -0.725374371012
268 0.719339800339 -0.719339800339
269 0.713250449154 -0.713250449154
270 0.707106781187 -0.707106781187
271 0.7009092643 -0.7009092643
272 0.694658370459 -0.694658370459
273 0.688354575694 -0.688354575694
274 0.681998360062 -0.681998360062
275 0.675590207616 -0.675590207616
276 0.669130606359 -0.669130606359
277 0.662620048216 -0.662620048216
278 0.656059028991 -0.656059028991
279 0.64944804833 -0.64944804833
280 0.642787609687 -0.642787609687
281 0.636078220278 -0.636078220278
282 0.62932039105 -0.62932039105
283 0.622514636638 -0.622514636638
284 0.615661475326 -0.615661475326
285 0.608761429009 -0.608761429009
286 0.601815023152 -0.601815023152
287 0.594822786751 -0.594822786751
288 0.587785252292 -0.587785252292
289 0.580702955711 -0.580702955711
290 0.573576436351 -0.573576436351
291 0.566406236925 -0.566406236925
292 0.559192903471 -0.559192903471
293 0.551936985312 -0.551936985312
294 0.544639035015 -0.544639035015
295 0.537299608347 -0.537299608347
296 0.529919264233 -0.529919264233
297 0.522498564716 -0.522498564716
298 0.51503807491 -0.51503807491
299 0.507538362961 -0.507538362961
300 0.5 -0.5
301 0.492423560103 -0.492423560103
302 0.484809620246 -0.484809620246
303 0.47715876026 -0.47715876026
304 0.469471562786 -0.469471562786
305 0.461748613235 -0.461748613235
306 0.45399049974 -0.45399049974
307 0.44619781311 -0.44619781311
308 0.438371146789 -0.438371146789
309 0.430511096808 -0.430511096808
310 0.422618261741 -0.422618261741
311 0.414693242656 -0.414693242656
312 0.406736643076 -0.406736643076
313 0.398749068925 -0.398749068925
314 0.390731128489 -0.390731128489
315 0.382683432365 -0.382683432365
316 0.374606593416 -0.374606593416
317 0.366501226724 -0.366501226724
318 0.358367949545 -0.358367949545
319 0.350207381259 -0.350207381259
320 0.342020143326 -0.342020143326
321 0.333806859234 -0.333806859234
322 0.325568154457 -0.325568154457
323 0.317304656405 -0.317304656405
324 0.309016994375 -0.309016994375
325 0.300705799504 -0.300705799504
326 0.292371704723 -0.292371704723
327 0.284015344704 -0.284015344704
328 0.275637355817 -0.275637355817
329 0.267238376078 -0.267238376078
330 0.258819045103 -0.258819045103
331 0.250380004054 -0.250380004054
332 0.2419218956 -0.2419218956
333 0.233445363856 -0.233445363856
334 0.224951054344 -0.224951054344
335 0.216439613938 -0.216439613938
336 0.207911690818 -0.207911690818
337 0.199367934417 -0.199367934417
338 0.190808995377 -0.190808995377
339 0.182235525492 -0.182235525492
340 0.173648177667 -0.173648177667
341 0.165047605861 -0.165047605861
342 0.15643446504 -0.15643446504
343 0.14780941113 -0.14780941113
344 0.13917310096 -0.13917310096
345 0.13052619222 -0.13052619222
346 0.121869343405 -0.121869343405
347 0.113203213768 -0.113203213768
348 0.104528463268 -0.104528463268
349 0.0958457525202 -0.0958457525202
350 0.0871557427477 -0.0871557427477
351 0.0784590957278 -0.0784590957278
352 0.0697564737441 -0.0697564737441
353 0.0610485395349 -0.0610485395349
354 0.0523359562429 -0.0523359562429
355 0.0436193873653 -0.0436193873653
356 0.0348994967025 -0.0348994967025
357 0.0261769483079 -0.0261769483079
358 0.0174524064373 -0.0174524064373
359 0.00872653549837 -0.00872653549837
360 1.22464679915e-16 0.0
